      0/99     2.49G   0.08238  0.004881         0   0.08726         8       512    0.3629      0.65    0.3189    0.1384    0.1589  0.007456         0
      1/99     2.54G   0.05096  0.003362         0   0.05432        11       512    0.6395    0.7317     0.681    0.3719    0.1413  0.008133         0
      2/99     2.54G    0.0489  0.002997         0    0.0519         5       512    0.8586     0.795    0.8593    0.4687    0.1183  0.008831         0
      3/99     2.54G     0.044   0.00259         0   0.04659         7       512    0.8745    0.8225    0.9029    0.5429    0.1085  0.008921         0
      4/99     2.54G   0.03961  0.002401         0   0.04201         6       512    0.9516      0.85    0.9229    0.5731    0.1145  0.008245         0
      5/99     2.54G   0.03527   0.00216         0   0.03744         8       512    0.8447    0.9247    0.9389    0.5497    0.1188  0.007355         0
      6/99     2.54G   0.02513  0.001769         0    0.0269        12       512    0.9908    0.8275    0.9475    0.5891     0.119  0.006382         0
      7/99     2.54G   0.02415  0.001513         0   0.02566         8       512    0.9844     0.945    0.9641    0.5693    0.1171  0.006116         0
      8/99     2.54G   0.02321  0.001396         0   0.02461        10       512    0.9914     0.865    0.9626    0.6078    0.1022  0.006317         0
      9/99     2.54G   0.02333    0.0014         0   0.02473        14       512    0.9834      0.89    0.9651    0.6025     0.103  0.006248         0
     10/99     2.54G   0.02273  0.001324         0   0.02405        10       512    0.9824     0.885    0.9646    0.5886    0.1052  0.006225         0
     11/99     2.54G   0.02181  0.001264         0   0.02307        16       512    0.9871      0.96    0.9775    0.6123    0.1066  0.006155         0
     12/99     2.54G   0.02211   0.00123         0   0.02334         4       512    0.9845    0.9524    0.9694    0.6044    0.1063  0.006048         0
     13/99     2.54G   0.02135  0.001239         0   0.02259         4       512     0.992    0.9298    0.9718    0.5962    0.1052  0.006157         0
     14/99     2.54G   0.02139   0.00121         0    0.0226         5       512    0.9872    0.9675    0.9811    0.5806     0.106  0.005909         0
     15/99     2.54G   0.02101  0.001197         0   0.02221         8       512    0.9898    0.9725    0.9737    0.5788    0.1008  0.006216         0
     16/99     2.54G   0.02068  0.001209         0   0.02189         9       512    0.9822    0.8925    0.9655    0.5706    0.1018  0.006337         0
     17/99     2.54G   0.02106  0.001174         0   0.02223         8       512    0.9895      0.94    0.9722    0.5836   0.09702  0.006585         0
     18/99     2.54G   0.02018  0.001182         0   0.02137        19       512    0.9846    0.9575    0.9798    0.5938   0.09886  0.006386         0
     19/99     2.54G   0.02027   0.00118         0   0.02145        10       512    0.9892    0.9149    0.9727    0.5808    0.1027  0.006221         0
     20/99     2.54G   0.02023  0.001164         0   0.02139         8       512     0.977    0.9574    0.9768    0.5796      0.11  0.005805         0
     21/99     2.54G      0.02  0.001149         0   0.02115        16       512    0.9842    0.9374    0.9683    0.5959    0.1072  0.005897         0
